----- 28-05-2020 17:09:12 -----

[[-0.12125638]
 [ 0.14857258]
 [ 1.        ]]




[[-0.12125638]
 [ 0.14857258]
 [ 1.        ]]




[-0.029484518910497193, 0.17949522887513336, 1.0]
[-0.05994693739444875, 0.15066056295881813, 1.0]
[-0.09040935587840031, 0.1218258970425029, 1.0]
[array([-0.12087177]), array([0.09299123]), 1.0]




[-0.029484518910497193, 0.17949522887513336, 1.0]
[-0.05994693739444875, 0.15066056295881813, 1.0]
[-0.09040935587840031, 0.1218258970425029, 1.0]
[array([-0.12087177]), array([0.09299123]), 1.0]




[-0.029484518910497193, 0.17949522887513336, 1.0]
[-0.05994693739444875, 0.15066056295881813, 1.0]
[-0.09040935587840031, 0.1218258970425029, 1.0]
[array([-0.12087177]), array([0.09299123]), 1.0]




[-0.029484518910497193, 0.17949522887513336, 1.0]
[-0.05994693739444875, 0.15066056295881813, 1.0]
[-0.09040935587840031, 0.1218258970425029, 1.0]
[array([-0.12087177]), array([0.09299123]), 1.0]




[-0.029484518910497193, 0.17949522887513336, 1.0]
[-0.05994693739444875, 0.15066056295881813, 1.0]
[-0.09040935587840031, 0.1218258970425029, 1.0]
[array([-0.12087177]), array([0.09299123]), 1.0]




[-0.029484518910497193, 0.17949522887513336, 1.0]
[-0.05994693739444875, 0.15066056295881813, 1.0]
[-0.09040935587840031, 0.1218258970425029, 1.0]
[array([-0.12087177]), array([0.09299123]), 1.0]




[-0.029484518910497193, 0.17949522887513336, 1.0]
[-0.05994693739444875, 0.15066056295881813, 1.0]
[-0.09040935587840031, 0.1218258970425029, 1.0]
[array([-0.12087177]), array([0.09299123]), 1.0]




[-0.029484518910497193, 0.17949522887513336, 1.0]
[-0.05994693739444875, 0.15066056295881813, 1.0]
[-0.09040935587840031, 0.1218258970425029, 1.0]
[array([-0.12087177]), array([0.09299123]), 1.0]




[-0.029484518910497193, 0.17949522887513336, 1.0]
[-0.05994693739444875, 0.15066056295881813, 1.0]
[-0.09040935587840031, 0.1218258970425029, 1.0]
[array([-0.12087177]), array([0.09299123]), 1.0]




[-0.029484518910497193, 0.17949522887513336, 1.0]
[-0.05994693739444875, 0.15066056295881813, 1.0]
[-0.09040935587840031, 0.1218258970425029, 1.0]
[array([-0.12087177]), array([0.09299123]), 1.0]




[0.10269295807006641, 0.17776600349201604, 1.0]
[0.11936824925299208, 0.20369322344994595, 1.0]
[0.11821311773034834, 0.22965062233324002, 1.0]
[0.1035813161426025, 0.2533213311823935, 1.0]
[0.07935359222892449, 0.2729553934582953, 1.0]
[0.048955072302331454, 0.28732160052829686, 1.0]
[0.015372644724832537, 0.29565932715228466, 1.0]
[-0.018827656617426743, 0.29763036696874884, 1.0]
[-0.05148326883901963, 0.2932707679808544, 1.0]
[-0.08081771658009385, 0.2829426680425117, 1.0]
[-0.10542322853122661, 0.26728613034444615, 1.0]
[-0.12424335395828023, 0.2471709789002695, 1.0]
[-0.13655557922725764, 0.22364863403254967, 1.0]
[-0.1419539443291573, 0.1979039478588811, 1.0]
[-0.14033165940482917, 0.17120703977795565, 1.0]
[-0.13186372126982962, 0.1448651319556324, 1.0]
[-0.11698952993927723, 0.12017438481100852, 1.0]
[-0.09639550515270764, 0.09837173250248929, 1.0]
[-0.0709977028989296, 0.08058671841385895, 1.0]
[-0.04192443194087985, 0.06779333064035048, 1.0]
[-0.01049887034047866, 0.06076183747471666, 1.0]
[0.021778318016514697, 0.06001062289329989, 1.0]
[0.05324636689564668, 0.06575802204210301, 1.0]
[0.08210179118891398, 0.07787415672285944, 1.0]
[0.10641577038990828, 0.09583277087910375, 1.0]
[0.12415153206896071, 0.11866306608224184, 1.0]
[0.1331817353482866, 0.14490153701762162, 1.0]
[0.13130585437712988, 0.17254380697060318, 1.0]
[0.11626756180690803, 0.1989964633126292, 1.0]
[array([0.10401667]), array([0.20827753]), 1.0]




[0.10269295807006641, 0.17776600349201604, 1.0]
[0.11936824925299208, 0.20369322344994595, 1.0]
[0.11821311773034834, 0.22965062233324002, 1.0]
[0.1035813161426025, 0.2533213311823935, 1.0]
[0.07935359222892449, 0.2729553934582953, 1.0]
[0.048955072302331454, 0.28732160052829686, 1.0]
[0.015372644724832537, 0.29565932715228466, 1.0]
[-0.018827656617426743, 0.29763036696874884, 1.0]
[-0.05148326883901963, 0.2932707679808544, 1.0]
[-0.08081771658009385, 0.2829426680425117, 1.0]
[-0.10542322853122661, 0.26728613034444615, 1.0]
[-0.12424335395828023, 0.2471709789002695, 1.0]
[-0.13655557922725764, 0.22364863403254967, 1.0]
[-0.1419539443291573, 0.1979039478588811, 1.0]
[-0.14033165940482917, 0.17120703977795565, 1.0]
[-0.13186372126982962, 0.1448651319556324, 1.0]
[-0.11698952993927723, 0.12017438481100852, 1.0]
[-0.09639550515270764, 0.09837173250248929, 1.0]
[-0.0709977028989296, 0.08058671841385895, 1.0]
[-0.04192443194087985, 0.06779333064035048, 1.0]
[-0.01049887034047866, 0.06076183747471666, 1.0]
[0.021778318016514697, 0.06001062289329989, 1.0]
[0.05324636689564668, 0.06575802204210301, 1.0]
[0.08210179118891398, 0.07787415672285944, 1.0]
[0.10641577038990828, 0.09583277087910375, 1.0]
[0.12415153206896071, 0.11866306608224184, 1.0]
[0.1331817353482866, 0.14490153701762162, 1.0]
[0.13130585437712988, 0.17254380697060318, 1.0]
[0.11626756180690803, 0.1989964633126292, 1.0]
[array([0.10401667]), array([0.20827753]), 1.0]




[0.10269295807006641, 0.17776600349201604, 1.0]
[0.11936824925299208, 0.20369322344994595, 1.0]
[0.11821311773034834, 0.22965062233324002, 1.0]
[0.1035813161426025, 0.2533213311823935, 1.0]
[0.07935359222892449, 0.2729553934582953, 1.0]
[0.048955072302331454, 0.28732160052829686, 1.0]
[0.015372644724832537, 0.29565932715228466, 1.0]
[-0.018827656617426743, 0.29763036696874884, 1.0]
[-0.05148326883901963, 0.2932707679808544, 1.0]
[-0.08081771658009385, 0.2829426680425117, 1.0]
[-0.10542322853122661, 0.26728613034444615, 1.0]
[-0.12424335395828023, 0.2471709789002695, 1.0]
[-0.13655557922725764, 0.22364863403254967, 1.0]
[-0.1419539443291573, 0.1979039478588811, 1.0]
[-0.14033165940482917, 0.17120703977795565, 1.0]
[-0.13186372126982962, 0.1448651319556324, 1.0]
[-0.11698952993927723, 0.12017438481100852, 1.0]
[-0.09639550515270764, 0.09837173250248929, 1.0]
[-0.0709977028989296, 0.08058671841385895, 1.0]
[-0.04192443194087985, 0.06779333064035048, 1.0]
[-0.01049887034047866, 0.06076183747471666, 1.0]
[0.021778318016514697, 0.06001062289329989, 1.0]
[0.05324636689564668, 0.06575802204210301, 1.0]
[0.08210179118891398, 0.07787415672285944, 1.0]
[0.10641577038990828, 0.09583277087910375, 1.0]
[0.12415153206896071, 0.11866306608224184, 1.0]
[0.1331817353482866, 0.14490153701762162, 1.0]
[0.13130585437712988, 0.17254380697060318, 1.0]
[0.11626756180690803, 0.1989964633126292, 1.0]
[array([0.10401667]), array([0.20827753]), 1.0]




[0.10269295807006641, 0.17776600349201604, 1.0]
[0.11936824925299208, 0.20369322344994595, 1.0]
[0.11821311773034834, 0.22965062233324002, 1.0]
[0.1035813161426025, 0.2533213311823935, 1.0]
[0.07935359222892449, 0.2729553934582953, 1.0]
[0.048955072302331454, 0.28732160052829686, 1.0]
[0.015372644724832537, 0.29565932715228466, 1.0]
[-0.018827656617426743, 0.29763036696874884, 1.0]
[-0.05148326883901963, 0.2932707679808544, 1.0]
[-0.08081771658009385, 0.2829426680425117, 1.0]
[-0.10542322853122661, 0.26728613034444615, 1.0]
[-0.12424335395828023, 0.2471709789002695, 1.0]
[-0.13655557922725764, 0.22364863403254967, 1.0]
[-0.1419539443291573, 0.1979039478588811, 1.0]
[-0.14033165940482917, 0.17120703977795565, 1.0]
[-0.13186372126982962, 0.1448651319556324, 1.0]
[-0.11698952993927723, 0.12017438481100852, 1.0]
[-0.09639550515270764, 0.09837173250248929, 1.0]
[-0.0709977028989296, 0.08058671841385895, 1.0]
[-0.04192443194087985, 0.06779333064035048, 1.0]
[-0.01049887034047866, 0.06076183747471666, 1.0]
[0.021778318016514697, 0.06001062289329989, 1.0]
[0.05324636689564668, 0.06575802204210301, 1.0]
[0.08210179118891398, 0.07787415672285944, 1.0]
[0.10641577038990828, 0.09583277087910375, 1.0]
[0.12415153206896071, 0.11866306608224184, 1.0]
[0.1331817353482866, 0.14490153701762162, 1.0]
[0.13130585437712988, 0.17254380697060318, 1.0]
[0.11626756180690803, 0.1989964633126292, 1.0]
[array([0.10401667]), array([0.20827753]), 1.0]






----- 19-06-2020 16:01:41 -----

[0.13012458875562669, 0.24189367989208832, 1.0]
[0.10894671483810522, 0.260114216622098, 1.0]
[0.08648999067498724, 0.27090345943138433, 1.0]
[0.060037737263824546, 0.2790084883088944, 1.0]
[0.03157123139238376, 0.2834984185055266, 1.0]
[0.0028070436255791063, 0.2837931706739066, 1.0]
[-0.024791832697204242, 0.27962778304652985, 1.0]
[-0.05000485246478812, 0.2710167236138969, 1.0]
[-0.07184278979687868, 0.2582182023026562, 1.0]
[-0.08953660904674364, 0.24169848315373973, 1.0]
[-0.1025263358038901, 0.2220961965005051, 1.0]
[-0.11044992789674152, 0.20018665114687229, 1.0]
[-0.11313214639531576, 0.1768461465454646, 1.0]
[-0.1105734266139016, 0.15301628497574607, 1.0]
[-0.10293874911373746, 0.12966828372216244, 1.0]
[-0.09054651070568755, 0.10776728725227817, 1.0]
[-0.07385739545292029, 0.08823667939491758, 1.0]
[-0.05346324567358495, 0.0719223955183021, 1.0]
[-0.030075932943490116, 0.059557234708191055, 1.0]
[-0.004516229098779696, 0.05172517194601933, 1.0]
[0.02229732276138792, 0.04882567028703741, 1.0]
[0.049359537272164175, 0.051037993038450184, 1.0]
[0.07558971580033125, 0.05828551593755581, 1.0]
[0.09984277544162619, 0.07020003932988522, 1.0]
[0.12092037801806196, 0.08608610034734099, 1.0]
[0.13758205907525142, 0.1048852850863366, 1.0]
[0.1485563568797285, 0.12514054078593506, 1.0]
[0.15255194141627212, 0.1449604880059889, 1.0]
[0.14826874338522766, 0.16198373280527814, 1.0]
[0.13440908319982992, 0.1733431789196505, 1.0]
[0.10968879998352613, 0.1756303399401597, 1.0]
[array([0.07331869]), array([0.16195962]), 1.0]




[0.13012458875562669, 0.24189367989208832, 1.0]
[0.10894671483810522, 0.260114216622098, 1.0]
[0.08648999067498724, 0.27090345943138433, 1.0]
[0.060037737263824546, 0.2790084883088944, 1.0]
[0.03157123139238376, 0.2834984185055266, 1.0]
[0.0028070436255791063, 0.2837931706739066, 1.0]
[-0.024791832697204242, 0.27962778304652985, 1.0]
[-0.05000485246478812, 0.2710167236138969, 1.0]
[-0.07184278979687868, 0.2582182023026562, 1.0]
[-0.08953660904674364, 0.24169848315373973, 1.0]
[-0.1025263358038901, 0.2220961965005051, 1.0]
[-0.11044992789674152, 0.20018665114687229, 1.0]
[-0.11313214639531576, 0.1768461465454646, 1.0]
[-0.1105734266139016, 0.15301628497574607, 1.0]
[-0.10293874911373746, 0.12966828372216244, 1.0]
[-0.09054651070568755, 0.10776728725227817, 1.0]
[-0.07385739545292029, 0.08823667939491758, 1.0]
[-0.05346324567358495, 0.0719223955183021, 1.0]
[-0.030075932943490116, 0.059557234708191055, 1.0]
[-0.004516229098779696, 0.05172517194601933, 1.0]
[0.02229732276138792, 0.04882567028703741, 1.0]
[0.049359537272164175, 0.051037993038450184, 1.0]
[0.07558971580033125, 0.05828551593755581, 1.0]
[0.09984277544162619, 0.07020003932988522, 1.0]
[0.12092037801806196, 0.08608610034734099, 1.0]
[0.13758205907525142, 0.1048852850863366, 1.0]
[0.1485563568797285, 0.12514054078593506, 1.0]
[0.15255194141627212, 0.1449604880059889, 1.0]
[0.14826874338522766, 0.16198373280527814, 1.0]
[0.13440908319982992, 0.1733431789196505, 1.0]
[0.10968879998352613, 0.1756303399401597, 1.0]
[array([0.07331869]), array([0.16195962]), 1.0]




[0.13012458875562669, 0.24189367989208832, 1.0]
[0.10894671483810522, 0.260114216622098, 1.0]
[0.08648999067498724, 0.27090345943138433, 1.0]
[0.060037737263824546, 0.2790084883088944, 1.0]
[0.03157123139238376, 0.2834984185055266, 1.0]
[0.0028070436255791063, 0.2837931706739066, 1.0]
[-0.024791832697204242, 0.27962778304652985, 1.0]
[-0.05000485246478812, 0.2710167236138969, 1.0]
[-0.07184278979687868, 0.2582182023026562, 1.0]
[-0.08953660904674364, 0.24169848315373973, 1.0]
[-0.1025263358038901, 0.2220961965005051, 1.0]
[-0.11044992789674152, 0.20018665114687229, 1.0]
[-0.11313214639531576, 0.1768461465454646, 1.0]
[-0.1105734266139016, 0.15301628497574607, 1.0]
[-0.10293874911373746, 0.12966828372216244, 1.0]
[-0.09054651070568755, 0.10776728725227817, 1.0]
[-0.07385739545292029, 0.08823667939491758, 1.0]
[-0.05346324567358495, 0.0719223955183021, 1.0]
[-0.030075932943490116, 0.059557234708191055, 1.0]
[-0.004516229098779696, 0.05172517194601933, 1.0]
[0.02229732276138792, 0.04882567028703741, 1.0]
[0.049359537272164175, 0.051037993038450184, 1.0]
[0.07558971580033125, 0.05828551593755581, 1.0]
[0.09984277544162619, 0.07020003932988522, 1.0]
[0.12092037801806196, 0.08608610034734099, 1.0]
[0.13758205907525142, 0.1048852850863366, 1.0]
[0.1485563568797285, 0.12514054078593506, 1.0]
[0.15255194141627212, 0.1449604880059889, 1.0]
[0.14826874338522766, 0.16198373280527814, 1.0]
[0.13440908319982992, 0.1733431789196505, 1.0]
[0.10968879998352613, 0.1756303399401597, 1.0]
[array([0.07331869]), array([0.16195962]), 1.0]




----- 19-06-2020 16:07:41 -----

[0.12638497513133234, 0.22324335489433944, 1.0]
[0.11103419111939623, 0.24383714688465322, 1.0]
[0.08852884517160774, 0.26045351686634854, 1.0]
[0.060907637667426934, 0.2721059225067034, 1.0]
[0.0302048017156445, 0.2781678945589519, 1.0]
[-0.0015970045588226647, 0.2783428821308639, 1.0]
[-0.03261380572813578, 0.2726340979533253, 1.0]
[-0.06110741677473841, 0.261314363648918, 1.0]
[-0.08553255080456094, 0.24489595500049985, 1.0]
[-0.10458392676022474, 0.22410044721978464, 1.0]
[-0.1172433771342466, 0.19982856021592227, 1.0]
[-0.12282695568224301, 0.1731300038640785, 1.0]
[-0.12103204513613446, 0.14517332327401508, 1.0]
[-0.11198446491734981, 0.11721574405866987, 1.0]
[-0.09628557885003056, 0.09057301760273657, 1.0]
[-0.0750594028742353, 0.06658926633124505, 1.0]
[-0.04999971275914378, 0.04660682897814106, 1.0]
[-0.023417151816261514, 0.0319361058548664, 1.0]
[0.0017136613873760826, 0.023825404118938884, 1.0]
[array([0.01280626]), array([0.01892952]), 1.0]




[0.12638497513133234, 0.22324335489433944, 1.0]
[0.11103419111939623, 0.24383714688465322, 1.0]
[0.08852884517160774, 0.26045351686634854, 1.0]
[0.060907637667426934, 0.2721059225067034, 1.0]
[0.0302048017156445, 0.2781678945589519, 1.0]
[-0.0015970045588226647, 0.2783428821308639, 1.0]
[-0.03261380572813578, 0.2726340979533253, 1.0]
[-0.06110741677473841, 0.261314363648918, 1.0]
[-0.08553255080456094, 0.24489595500049985, 1.0]
[-0.10458392676022474, 0.22410044721978464, 1.0]
[-0.1172433771342466, 0.19982856021592227, 1.0]
[-0.12282695568224301, 0.1731300038640785, 1.0]
[-0.12103204513613446, 0.14517332327401508, 1.0]
[-0.11198446491734981, 0.11721574405866987, 1.0]
[-0.09628557885003056, 0.09057301760273657, 1.0]
[-0.0750594028742353, 0.06658926633124505, 1.0]
[-0.04999971275914378, 0.04660682897814106, 1.0]
[-0.023417151816261514, 0.0319361058548664, 1.0]
[0.0017136613873760826, 0.023825404118938884, 1.0]
[array([0.01280626]), array([0.01892952]), 1.0]




[0.12638497513133234, 0.22324335489433944, 1.0]
[0.11103419111939623, 0.24383714688465322, 1.0]
[0.08852884517160774, 0.26045351686634854, 1.0]
[0.060907637667426934, 0.2721059225067034, 1.0]
[0.0302048017156445, 0.2781678945589519, 1.0]
[-0.0015970045588226647, 0.2783428821308639, 1.0]
[-0.03261380572813578, 0.2726340979533253, 1.0]
[-0.06110741677473841, 0.261314363648918, 1.0]
[-0.08553255080456094, 0.24489595500049985, 1.0]
[-0.10458392676022474, 0.22410044721978464, 1.0]
[-0.1172433771342466, 0.19982856021592227, 1.0]
[-0.12282695568224301, 0.1731300038640785, 1.0]
[-0.12103204513613446, 0.14517332327401508, 1.0]
[-0.11198446491734981, 0.11721574405866987, 1.0]
[-0.09628557885003056, 0.09057301760273657, 1.0]
[-0.0750594028742353, 0.06658926633124505, 1.0]
[-0.04999971275914378, 0.04660682897814106, 1.0]
[-0.023417151816261514, 0.0319361058548664, 1.0]
[0.0017136613873760826, 0.023825404118938884, 1.0]
[array([0.01280626]), array([0.01892952]), 1.0]




[0.11295628680536997, 0.10375316620518897, 1.0]
[0.09499700664743962, 0.12727142683027773, 1.0]
[0.0812134409950446, 0.15122917371855651, 1.0]
[0.06653956058924033, 0.1740218048608779, 1.0]
[0.05199074394553382, 0.19145792209376786, 1.0]
[0.02507980302834551, 0.20257576005955602, 1.0]
[0.0008543541481658887, 0.18328195413042386, 1.0]
[-0.011087037413090375, 0.16644469512643806, 1.0]
[-0.02350947730257725, 0.1482381329831131, 1.0]
[-0.036796541603900695, 0.13145440298295522, 1.0]
[-0.05117429714539269, 0.11871400241318236, 1.0]
[-0.08278256311740467, 0.11323306029158278, 1.0]
[-0.09887360112556537, 0.12224443066928976, 1.0]
[-0.113597705573031, 0.13821831152123526, 1.0]
[-0.12505329734067516, 0.15853218904409305, 1.0]
[array([-0.13001532]), array([0.17778127]), 1.0]






----- 19-06-2020 16:15:24 -----

[0.10486408668563267, 0.20867605388009783, 1.0]
[0.09170090591920191, 0.2309502481484062, 1.0]
[0.06956702349327233, 0.24983539742571753, 1.0]
[0.041460859483421854, 0.2635971788833607, 1.0]
[0.010062226409109679, 0.2711518729828913, 1.0]
[-0.0222645999666129, 0.27199375795975383, 1.0]
[-0.05346780983739168, 0.2661225043069453, 1.0]
[-0.0818049885538587, 0.253970569258678, 1.0]
[-0.10584004582392134, 0.23633059127404227, 1.0]
[-0.12444014491305164, 0.21428278452066926, 1.0]
[-0.13677263184457544, 0.18912233335839454, 1.0]
[-0.14230196459996128, 0.1622867868229199, 1.0]
[-0.1407866423191101, 0.13528345310947765, 1.0]
[-0.13227613450064393, 0.1096167940564923, 1.0]
[-0.1171078102021953, 0.086715819629244, 1.0]
[-0.09590386724069636, 0.06786148240353179, 1.0]
[-0.06956826139266806, 0.05411407204933574, 1.0]
[-0.03928363559450923, 0.04624060981448058, 1.0]
[-0.006508249142785916, 0.044642243008298166, 1.0]
[0.027027093105479655, 0.04928163948529067, 1.0]
[0.059322111532519504, 0.0596103821287933, 1.0]
[0.08811012255953125, 0.07449636333463736, 1.0]
[0.11086110944638872, 0.09215117949481312, 1.0]
[array([0.12608295]), array([0.11084157]), 1.0]




[0.10486408668563267, 0.20867605388009783, 1.0]
[0.09170090591920191, 0.2309502481484062, 1.0]
[0.06956702349327233, 0.24983539742571753, 1.0]
[0.041460859483421854, 0.2635971788833607, 1.0]
[0.010062226409109679, 0.2711518729828913, 1.0]
[-0.0222645999666129, 0.27199375795975383, 1.0]
[-0.05346780983739168, 0.2661225043069453, 1.0]
[-0.0818049885538587, 0.253970569258678, 1.0]
[-0.10584004582392134, 0.23633059127404227, 1.0]
[-0.12444014491305164, 0.21428278452066926, 1.0]
[-0.13677263184457544, 0.18912233335839454, 1.0]
[-0.14230196459996128, 0.1622867868229199, 1.0]
[-0.1407866423191101, 0.13528345310947765, 1.0]
[-0.13227613450064393, 0.1096167940564923, 1.0]
[-0.1171078102021953, 0.086715819629244, 1.0]
[-0.09590386724069636, 0.06786148240353179, 1.0]
[-0.06956826139266806, 0.05411407204933574, 1.0]
[-0.03928363559450923, 0.04624060981448058, 1.0]
[-0.006508249142785916, 0.044642243008298166, 1.0]
[0.027027093105479655, 0.04928163948529067, 1.0]
[0.059322111532519504, 0.0596103821287933, 1.0]
[0.08811012255953125, 0.07449636333463736, 1.0]
[0.11086110944638872, 0.09215117949481312, 1.0]
[array([0.12608295]), array([0.11084157]), 1.0]




[0.10486408668563267, 0.20867605388009783, 1.0]
[0.09170090591920191, 0.2309502481484062, 1.0]
[0.06956702349327233, 0.24983539742571753, 1.0]
[0.041460859483421854, 0.2635971788833607, 1.0]
[0.010062226409109679, 0.2711518729828913, 1.0]
[-0.0222645999666129, 0.27199375795975383, 1.0]
[-0.05346780983739168, 0.2661225043069453, 1.0]
[-0.0818049885538587, 0.253970569258678, 1.0]
[-0.10584004582392134, 0.23633059127404227, 1.0]
[-0.12444014491305164, 0.21428278452066926, 1.0]
[-0.13677263184457544, 0.18912233335839454, 1.0]
[-0.14230196459996128, 0.1622867868229199, 1.0]
[-0.1407866423191101, 0.13528345310947765, 1.0]
[-0.13227613450064393, 0.1096167940564923, 1.0]
[-0.1171078102021953, 0.086715819629244, 1.0]
[-0.09590386724069636, 0.06786148240353179, 1.0]
[-0.06956826139266806, 0.05411407204933574, 1.0]
[-0.03928363559450923, 0.04624060981448058, 1.0]
[-0.006508249142785916, 0.044642243008298166, 1.0]
[0.027027093105479655, 0.04928163948529067, 1.0]
[0.059322111532519504, 0.0596103821287933, 1.0]
[0.08811012255953125, 0.07449636333463736, 1.0]
[0.11086110944638872, 0.09215117949481312, 1.0]
[array([0.12608295]), array([0.11084157]), 1.0]




[0.12747356128062232, 0.1492038764874041, 1.0]
[0.13543615179902332, 0.16957693146922376, 1.0]
[0.13132724051564293, 0.19394010706091244, 1.0]
[0.11950321935270336, 0.21800605987141358, 1.0]
[0.10334213845738403, 0.23859248511616316, 1.0]
[0.08534888012886897, 0.2535147432718769, 1.0]
[0.0672603327453938, 0.2614784867313357, 1.0]
[0.034535998284047846, 0.25516025864166253, 1.0]
[0.020480583701332662, 0.2417746913515021, 1.0]
[0.007700972908063089, 0.22300867119260312, 1.0]
[-0.004328306416557162, 0.20040870995987572, 1.0]
[-0.01626967695198884, 0.1757673712930158, 1.0]
[-0.028817337809309874, 0.15101589733129195, 1.0]
[-0.04259209060416798, 0.12811683536833163, 1.0]
[-0.05803616552973362, 0.10895666450690804, 1.0]
[-0.07530804742965244, 0.09523842231372677, 1.0]
[-0.0941773018709981, 0.08837433147421253, 1.0]
[-0.11391940121722485, 0.0893784264472957, 1.0]
[-0.13321055070112048, 0.09875918012019894, 1.0]
[-0.1500225144977588, 0.11641213046322403, 1.0]
[array([-0.1607744]), array([0.14029405]), 1.0]






----- 22-06-2020 17:17:20 -----

[0.09740989945227953, 0.23426300029603467, 1.0]
[0.08388786762050207, 0.24739221546445417, 1.0]
[0.06198836406879325, 0.26009047090597703, 1.0]
[0.03463054605001371, 0.270076387915653, 1.0]
[0.004386126623009439, 0.2757702084078321, 1.0]
[-0.02651036065018841, 0.2762199978037699, 1.0]
[-0.05615129700716455, 0.27102784791923007, 1.0]
[-0.08294571378792014, 0.26027607985209006, 1.0]
[-0.10560902773767349, 0.24445344686994366, 1.0]
[-0.12315277630966073, 0.22438133729770632, 1.0]
[-0.13487435296793648, 0.2011399774052175, 1.0]
[-0.14034674249017456, 0.1759946342948459, 1.0]
[-0.13940825627046877, 0.15032181878909354, 1.0]
[-0.1321522676221335, 0.12553548831819863, 1.0]
[-0.11891694708050443, 0.10301324980774086, 1.0]
[-0.10027499770573912, 0.08402256256624434, 1.0]
[-0.077023390385618, 0.06964694117278233, 1.0]
[-0.05017309913834471, 0.060712158364580784, 1.0]
[-0.020938836415346867, 0.057712447924622524, 1.0]
[0.009271211595922837, 0.06073670756925127, 1.0]
[0.038865649669186667, 0.06939470183577552, 1.0]
[0.06608013823654038, 0.08274326497007257, 1.0]
[0.08898765808565325, 0.09921250381419261, 1.0]
[0.10550877505696674, 0.11653200069396251, 1.0]
[array([0.1125966]), array([0.12765057]), 1.0]




[0.09740989945227953, 0.23426300029603467, 1.0]
[0.08388786762050207, 0.24739221546445417, 1.0]
[0.06198836406879325, 0.26009047090597703, 1.0]
[0.03463054605001371, 0.270076387915653, 1.0]
[0.004386126623009439, 0.2757702084078321, 1.0]
[-0.02651036065018841, 0.2762199978037699, 1.0]
[-0.05615129700716455, 0.27102784791923007, 1.0]
[-0.08294571378792014, 0.26027607985209006, 1.0]
[-0.10560902773767349, 0.24445344686994366, 1.0]
[-0.12315277630966073, 0.22438133729770632, 1.0]
[-0.13487435296793648, 0.2011399774052175, 1.0]
[-0.14034674249017456, 0.1759946342948459, 1.0]
[-0.13940825627046877, 0.15032181878909354, 1.0]
[-0.1321522676221335, 0.12553548831819863, 1.0]
[-0.11891694708050443, 0.10301324980774086, 1.0]
[-0.10027499770573912, 0.08402256256624434, 1.0]
[-0.077023390385618, 0.06964694117278233, 1.0]
[-0.05017309913834471, 0.060712158364580784, 1.0]
[-0.020938836415346867, 0.057712447924622524, 1.0]
[0.009271211595922837, 0.06073670756925127, 1.0]
[0.038865649669186667, 0.06939470183577552, 1.0]
[0.06608013823654038, 0.08274326497007257, 1.0]
[0.08898765808565325, 0.09921250381419261, 1.0]
[0.10550877505696674, 0.11653200069396251, 1.0]
[array([0.1125966]), array([0.12765057]), 1.0]




[0.09740989945227953, 0.23426300029603467, 1.0]
[0.08388786762050207, 0.24739221546445417, 1.0]
[0.06198836406879325, 0.26009047090597703, 1.0]
[0.03463054605001371, 0.270076387915653, 1.0]
[0.004386126623009439, 0.2757702084078321, 1.0]
[-0.02651036065018841, 0.2762199978037699, 1.0]
[-0.05615129700716455, 0.27102784791923007, 1.0]
[-0.08294571378792014, 0.26027607985209006, 1.0]
[-0.10560902773767349, 0.24445344686994366, 1.0]
[-0.12315277630966073, 0.22438133729770632, 1.0]
[-0.13487435296793648, 0.2011399774052175, 1.0]
[-0.14034674249017456, 0.1759946342948459, 1.0]
[-0.13940825627046877, 0.15032181878909354, 1.0]
[-0.1321522676221335, 0.12553548831819863, 1.0]
[-0.11891694708050443, 0.10301324980774086, 1.0]
[-0.10027499770573912, 0.08402256256624434, 1.0]
[-0.077023390385618, 0.06964694117278233, 1.0]
[-0.05017309913834471, 0.060712158364580784, 1.0]
[-0.020938836415346867, 0.057712447924622524, 1.0]
[0.009271211595922837, 0.06073670756925127, 1.0]
[0.038865649669186667, 0.06939470183577552, 1.0]
[0.06608013823654038, 0.08274326497007257, 1.0]
[0.08898765808565325, 0.09921250381419261, 1.0]
[0.10550877505696674, 0.11653200069396251, 1.0]
[array([0.1125966]), array([0.12765057]), 1.0]






----- 22-06-2020 17:20:39 -----

[0.12868394120341012, 0.2178934819326846, 1.0]
[0.10830997001596522, 0.24095681394046553, 1.0]
[0.09360197582870253, 0.25202969394318864, 1.0]
[0.07670110965848137, 0.26191477638711513, 1.0]
[0.058183122579914676, 0.2701091670385864, 1.0]
[0.03859091405687283, 0.27622702128548937, 1.0]
[0.018433888423490575, 0.2799913781986406, 1.0]
[-0.0018126886348265262, 0.28122599459317, 1.0]
[-0.021708333600395282, 0.27984717908990453, 1.0]
[-0.04084798864224818, 0.27585562617675213, 1.0]
[-0.05886266513512656, 0.2693282502700865, 1.0]
[-0.07542008717847397, 0.2604100197761305, 1.0]
[-0.09022533511542953, 0.24930579115233964, 1.0]
[-0.103021489051821, 0.23627214296878696, 1.0]
[-0.1135902723751583, 0.22160920996954656, 1.0]
[-0.12175269527362671, 0.2056525171340778, 1.0]
[-0.12736969825507996, 0.18876481373860868, 1.0]
[-0.13034279566603368, 0.17132790741752021, 1.0]
[-0.13061471921065887, 0.15373449822473087, 1.0]
[-0.12817006146977483, 0.13638001269507974, 1.0]
[-0.11528253795195814, 0.10393415553745701, 1.0]
[-0.10502395339084589, 0.08957377593622422, 1.0]
[-0.09241863701385174, 0.0768979721743751, 1.0]
[-0.0776701385699365, 0.06619331411211313, 1.0]
[-0.06102772979866895, 0.057700102458866455, 1.0]
[-0.042787047949219434, 0.0516042028346721, 1.0]
[-0.02329073929935306, 0.04802887983155979, 1.0]
[-0.0029291026744226803, 0.047026631074935876, 1.0]
[0.017859267033637535, 0.048571021284967375, 1.0]
[0.03858683534731879, 0.05254851633796598, 1.0]
[0.058716484684544455, 0.058750317327771924, 1.0]
[0.07766087083967696, 0.06686419462713802, 1.0]
[0.09478177946452433, 0.0764663219491137, 1.0]
[0.10938948254934688, 0.08701311040842878, 1.0]
[array([0.13089663]), array([0.11077442]), 1.0]




[[0.14423274]
 [0.03839153]
 [1.        ]]




[[0.14423274]
 [0.03839153]
 [1.        ]]






----- 22-06-2020 17:21:41 -----

[0.12456746537882873, 0.2244826374703976, 1.0]
[0.11865966181260305, 0.24564135007310484, 1.0]
[0.09821881424968962, 0.2644344734384397, 1.0]
[0.06832053560895074, 0.2787139798060746, 1.0]
[0.05120858992858881, 0.28369351494446077, 1.0]
[0.03330426449935192, 0.2870686909407878, 1.0]
[0.015041568391979185, 0.2887652549832261, 1.0]
[-0.0031864667081761824, 0.28874511152994997, 1.0]
[-0.021026528123901222, 0.2870038483528108, 1.0]
[-0.054320523970435616, 0.2784938867447565, 1.0]
[-0.08276047955738981, 0.26377972826690776, 1.0]
[-0.10482142328105137, 0.2437863308408968, 1.0]
[-0.1194930834523686, 0.21974008559962857, 1.0]
[-0.12623962022508947, 0.1930896502847654, 1.0]
[-0.12495935752390042, 0.16542678264421143, 1.0]
[-0.11594451497256547, 0.13840717382959722, 1.0]
[-0.0998409398220654, 0.11367128179376502, 1.0]
[-0.07760783887873626, 0.0927651646882528, 1.0]
[-0.050477510432408786, 0.07706131426077935, 1.0]
[-0.019915076184546937, 0.06767948925272863, 1.0]
[0.012421786823612682, 0.0654075487966348, 1.0]
[0.044723114282922326, 0.07062228581366659, 1.0]
[0.07506692268818366, 0.08321026041111218, 1.0]
[0.10145947741000924, 0.10248863327986382, 1.0]
[0.12187556076668334, 0.12712599909190264, 1.0]
[0.1342987400960228, 0.15506321989778288, 1.0]
[array([0.14323347]), array([0.18279915]), 1.0]




[0.12456746537882873, 0.2244826374703976, 1.0]
[0.11865966181260305, 0.24564135007310484, 1.0]
[0.09821881424968962, 0.2644344734384397, 1.0]
[0.06832053560895074, 0.2787139798060746, 1.0]
[0.05120858992858881, 0.28369351494446077, 1.0]
[0.03330426449935192, 0.2870686909407878, 1.0]
[0.015041568391979185, 0.2887652549832261, 1.0]
[-0.0031864667081761824, 0.28874511152994997, 1.0]
[-0.021026528123901222, 0.2870038483528108, 1.0]
[-0.054320523970435616, 0.2784938867447565, 1.0]
[-0.08276047955738981, 0.26377972826690776, 1.0]
[-0.10482142328105137, 0.2437863308408968, 1.0]
[-0.1194930834523686, 0.21974008559962857, 1.0]
[-0.12623962022508947, 0.1930896502847654, 1.0]
[-0.12495935752390042, 0.16542678264421143, 1.0]
[-0.11594451497256547, 0.13840717382959722, 1.0]
[-0.0998409398220654, 0.11367128179376502, 1.0]
[-0.07760783887873626, 0.0927651646882528, 1.0]
[-0.050477510432408786, 0.07706131426077935, 1.0]
[-0.019915076184546937, 0.06767948925272863, 1.0]
[0.012421786823612682, 0.0654075487966348, 1.0]
[0.044723114282922326, 0.07062228581366659, 1.0]
[0.07506692268818366, 0.08321026041111218, 1.0]
[0.10145947741000924, 0.10248863327986382, 1.0]
[0.12187556076668334, 0.12712599909190264, 1.0]
[0.1342987400960228, 0.15506321989778288, 1.0]
[array([0.14323347]), array([0.18279915]), 1.0]






----- 22-06-2020 17:23:04 -----

[0.13981377592673222, 0.21809104738166388, 1.0]
[0.12623956845898657, 0.2497062901360723, 1.0]
[0.11151264891696122, 0.2643966848606325, 1.0]
[0.09296419902726731, 0.2773294596007876, 1.0]
[0.07159680460251165, 0.2879388161137334, 1.0]
[0.04833359725979419, 0.2958017266749243, 1.0]
[0.024019492144930286, 0.30062770723050425, 1.0]
[-0.0005775743433267251, 0.30224859054973524, 1.0]
[-0.024765406829063138, 0.30060829937742883, 1.0]
[-0.04792631323498211, 0.2957526195863753, 1.0]
[-0.06951586705818119, 0.2878189733297748, 1.0]
[-0.08906166964592992, 0.2770261921936671, 1.0]
[-0.10616211247144718, 0.26366429034936084, 1.0]
[-0.12048513940967853, 0.24808423770586507, 1.0]
[-0.1317670090130741, 0.23068773306231866, 1.0]
[-0.13981105678736566, 0.21191697726042077, 1.0]
[-0.14448645746734406, 0.1922444463368605, 1.0]
[-0.1457269872926369, 0.17216266467574734, 1.0]
[-0.14352978628348606, 0.15217397816104156, 1.0]
[-0.13795412051652498, 0.13278032732898418, 1.0]
[-0.1291201444005562, 0.11447302052052676, 1.0]
[-0.11720766295232853, 0.09772250703376191, 1.0]
[-0.10245489407231523, 0.08296815027635362, 1.0]
[-0.08515723082049077, 0.07060800091796707, 1.0]
[-0.06566600369210866, 0.060988570042698725, 1.0]
[-0.044387242893478646, 0.0543946023015068, 1.0]
[-0.02178044061774457, 0.051038849064641165, 1.0]
[0.0016426866793383885, 0.05105184157407368, 1.0]
[0.02531943600362651, 0.0544716640959281, 1.0]
[0.048637355546809605, 0.06123372707291047, 1.0]
[0.0709354824106338, 0.07116054027673915, 1.0]
[0.09150558033112394, 0.08395148596057489, 1.0]
[0.1095933774028063, 0.09917259201145116, 1.0]
[0.12439980380293113, 0.11624630510270431, 1.0]
[0.1350822295156949, 0.1344412638464034, 1.0]
[0.14075570205646304, 0.15286207194578055, 1.0]
[array([0.14329817]), array([0.17344902]), 1.0]






----- 22-06-2020 17:24:28 -----

[[-0.10236327]
 [ 0.04598687]
 [ 1.        ]]






----- 22-06-2020 17:26:45 -----

[0.1201956049747872, 0.22875089570775545, 1.0]
[0.10252368461827004, 0.24367184701995676, 1.0]
[0.0767314543712143, 0.26078662686896115, 1.0]
[0.04568378063046294, 0.27526173744054233, 1.0]
[0.012113427126714846, 0.28387204116032727, 1.0]
[-0.02142824254194541, 0.2848020657256133, 1.0]
[-0.052620562376517827, 0.27744730913718424, 1.0]
[-0.07942286144355748, 0.26221554473112796, 1.0]
[-0.10012376134164482, 0.24032812621065272, 1.0]
[-0.11339047366785597, 0.21362129267790417, 1.0]
[-0.11831809748423314, 0.18434747366578189, 1.0]
[-0.1144789167842551, 0.15497659416975657, 1.0]
[-0.10197169795930713, 0.12799737967968647, 1.0]
[-0.081470987265152, 0.10571866121163437, 1.0]
[-0.05427640828839972, 0.09007068033968435, 1.0]
[-0.02236195941297828, 0.08240639422775858, 1.0]
[0.011574688713396179, 0.0833027806614341, 1.0]
[0.04406289571274889, 0.09236214307975962, 1.0]
[0.07080975401037623, 0.1080134156070724, 1.0]
[array([0.08219625]), array([0.11560902]), 1.0]




[0.1201956049747872, 0.22875089570775545, 1.0]
[0.10252368461827004, 0.24367184701995676, 1.0]
[0.0767314543712143, 0.26078662686896115, 1.0]
[0.04568378063046294, 0.27526173744054233, 1.0]
[0.012113427126714846, 0.28387204116032727, 1.0]
[-0.02142824254194541, 0.2848020657256133, 1.0]
[-0.052620562376517827, 0.27744730913718424, 1.0]
[-0.07942286144355748, 0.26221554473112796, 1.0]
[-0.10012376134164482, 0.24032812621065272, 1.0]
[-0.11339047366785597, 0.21362129267790417, 1.0]
[-0.11831809748423314, 0.18434747366578189, 1.0]
[-0.1144789167842551, 0.15497659416975657, 1.0]
[-0.10197169795930713, 0.12799737967968647, 1.0]
[-0.081470987265152, 0.10571866121163437, 1.0]
[-0.05427640828839972, 0.09007068033968435, 1.0]
[-0.02236195941297828, 0.08240639422775858, 1.0]
[0.011574688713396179, 0.0833027806614341, 1.0]
[0.04406289571274889, 0.09236214307975962, 1.0]
[0.07080975401037623, 0.1080134156070724, 1.0]
[array([0.08219625]), array([0.11560902]), 1.0]




[0.1406133137791413, 0.12792423816833212, 1.0]
[0.1470650174990922, 0.15707864592443935, 1.0]
[0.14196450616475723, 0.17663689245157851, 1.0]
[0.13330243174592896, 0.19667043533999642, 1.0]
[0.12226952775702285, 0.21554300830424944, 1.0]
[0.10983725181868222, 0.2319821294561715, 1.0]
[0.09677590625921538, 0.245050399790514, 1.0]
[0.07095016273707766, 0.2588279973138779, 1.0]
[0.04762019282495662, 0.2549876089449439, 1.0]
[0.027555125971774046, 0.2351654719618444, 1.0]
[0.010045184686996268, 0.20360380439067266, 1.0]
[0.0017648917870232627, 0.18523288820288736, 1.0]
[-0.006518456213394943, 0.16623235654591403, 1.0]
[-0.015051305506825574, 0.14745642217872665, 1.0]
[-0.024063810360932567, 0.12974996257087787, 1.0]
[-0.03375171251703955, 0.11391981838813708, 1.0]
[-0.05565588946022918, 0.0907534458559731, 1.0]
[-0.08095293688559377, 0.08256063628699213, 1.0]
[-0.10812163642895135, 0.09149923560628578, 1.0]
[-0.13335059156676826, 0.11636315549971185, 1.0]
[-0.14327768324323392, 0.1332443578694175, 1.0]
[-0.14995836837018875, 0.1516639249543254, 1.0]
[array([-0.1529493]), array([0.16875198]), 1.0]






----- 22-06-2020 17:30:38 -----

[0.13907685952149407, 0.1651974801788885, 1.0]
[0.12782743691397808, 0.19997265330164293, 1.0]
[0.10568834479691336, 0.22952719799904592, 1.0]
[0.07572356796187252, 0.2508425023655038, 1.0]
[0.04083529531525018, 0.26205146080439795, 1.0]
[0.003763919878262776, 0.2624384740280848, 1.0]
[-0.03291196121305129, 0.25243944905789545, 1.0]
[-0.06677554670783188, 0.23364179922413597, 1.0]
[-0.09557183124039703, 0.20878444416608738, 1.0]
[array([-0.11720761]), array([0.18175781]), 1.0]






----- 22-06-2020 17:36:03 -----

[0.1573768858572517, 0.14832133106610154, 1.0]
[0.12915077050671642, 0.16136669520728802, 1.0]
[0.09807325068900055, 0.201804190143751, 1.0]
[0.05955506275813258, 0.2432906563436443, 1.0]
[0.014357121363892037, 0.2701960889771621, 1.0]
[-0.03307691695575005, 0.27559264474902734, 1.0]
[-0.07628809018219104, 0.25924364873097905, 1.0]
[-0.10846956722375667, 0.2255926011942608, 1.0]
[-0.1241340843232606, 0.18175218444210783, 1.0]
[-0.12078138146556436, 0.13549326964223513, 1.0]
[-0.10056563878513711, 0.09323392365932517, 1.0]
[array([-0.07196291]), array([0.05802842]), 1.0]




[[0.13145737]
 [0.02973992]
 [1.        ]]






----- 22-06-2020 17:37:34 -----

[0.14918851428962135, 0.22013464017218654, 1.0]
[0.1385066981797392, 0.23678260088794267, 1.0]
[0.11943199603447403, 0.25491786093985175, 1.0]
[0.09425915896469188, 0.2718978833525952, 1.0]
[0.06507860280650814, 0.2857177627271017, 1.0]
[0.03377762045364253, 0.2949544493910802, 1.0]
[0.0020415941897736867, 0.2987109735495515, 1.0]
[-0.02864479197910593, 0.2965606694353813, 1.0]
[-0.05699633999233532, 0.28849139945981206, 1.0]
[-0.08192612540223022, 0.2748497783629956, 1.0]
[-0.10254428504172831, 0.2562853973645257, 1.0]
[-0.11815680469203449, 0.23369504831396987, 1.0]
[-0.1282643067502659, 0.2081669478414021, 1.0]
[-0.13256083789709755, 0.18092496150793558, 1.0]
[-0.13093265676440713, 0.1532728279562543, 1.0]
[-0.12345702160292066, 0.12653838306114604, 1.0]
[-0.11040097794985738, 0.10201778408003428, 1.0]
[-0.09222014629657518, 0.080919733803511, 1.0]
[-0.06955750975621569, 0.06430970470586875, 1.0]
[-0.043242201731349655, 0.053054163095633135, 1.0]
[-0.014288293581622175, 0.04776479326609521, 1.0]
[0.016106417708602154, 0.04874272164584377, 1.0]
[0.046561621862594, 0.05592274094929779, 1.0]
[0.07551570764361398, 0.06881753432723871, 1.0]
[0.10122697518726757, 0.08646189951734301, 1.0]
[0.12177484833385949, 0.10735697299471417, 1.0]
[0.13506108696074903, 0.1294144541224155, 1.0]
[array([0.14352462]), array([0.14072355]), 1.0]




[0.14918851428962135, 0.22013464017218654, 1.0]
[0.1385066981797392, 0.23678260088794267, 1.0]
[0.11943199603447403, 0.25491786093985175, 1.0]
[0.09425915896469188, 0.2718978833525952, 1.0]
[0.06507860280650814, 0.2857177627271017, 1.0]
[0.03377762045364253, 0.2949544493910802, 1.0]
[0.0020415941897736867, 0.2987109735495515, 1.0]
[-0.02864479197910593, 0.2965606694353813, 1.0]
[-0.05699633999233532, 0.28849139945981206, 1.0]
[-0.08192612540223022, 0.2748497783629956, 1.0]
[-0.10254428504172831, 0.2562853973645257, 1.0]
[-0.11815680469203449, 0.23369504831396987, 1.0]
[-0.1282643067502659, 0.2081669478414021, 1.0]
[-0.13256083789709755, 0.18092496150793558, 1.0]
[-0.13093265676440713, 0.1532728279562543, 1.0]
[-0.12345702160292066, 0.12653838306114604, 1.0]
[-0.11040097794985738, 0.10201778408003428, 1.0]
[-0.09222014629657518, 0.080919733803511, 1.0]
[-0.06955750975621569, 0.06430970470586875, 1.0]
[-0.043242201731349655, 0.053054163095633135, 1.0]
[-0.014288293581622175, 0.04776479326609521, 1.0]
[0.016106417708602154, 0.04874272164584377, 1.0]
[0.046561621862594, 0.05592274094929779, 1.0]
[0.07551570764361398, 0.06881753432723871, 1.0]
[0.10122697518726757, 0.08646189951734301, 1.0]
[0.12177484833385949, 0.10735697299471417, 1.0]
[0.13506108696074903, 0.1294144541224155, 1.0]
[array([0.14352462]), array([0.14072355]), 1.0]




[0.16828655852564287, 0.10913666382483315, 1.0]
[0.17006515593128937, 0.13997054268189954, 1.0]
[0.16325355529886693, 0.1617222761979079, 1.0]
[0.15428317224129, 0.18532588029430902, 1.0]
[0.14386920265026554, 0.20898300450927598, 1.0]
[0.13260015204973477, 0.23122021863195422, 1.0]
[0.12094775894436778, 0.25086745128218635, 1.0]
[0.10927691816806057, 0.2670364284902395, 1.0]
[0.086864794675313, 0.2866661392313491, 1.0]
[0.06652315407001909, 0.28781977333547565, 1.0]
[0.048336964422059474, 0.27133658095204993, 1.0]
[0.03163433652454087, 0.240494674450969, 1.0]
[0.02350058606283105, 0.22121069372565116, 1.0]
[0.015304071045668504, 0.2003210629738257, 1.0]
[0.006889346929167086, 0.1786142260023303, 1.0]
[-0.0018867943193816225, 0.1569016869851371, 1.0]
[-0.011145400873012384, 0.13599644904307873, 1.0]
[-0.020975437696590205, 0.11669145282357418, 1.0]
[-0.0314238631983143, 0.09973801508035479, 1.0]
[-0.04248570588122222, 0.0858242672531902, 1.0]
[-0.06611056718595468, 0.0694230720146501, 1.0]
[-0.09039456428900423, 0.07090987837645903, 1.0]
[-0.11241626708225469, 0.09131580168619172, 1.0]
[-0.1211868129007499, 0.10811209895460856, 1.0]
[-0.12747072551938451, 0.12859109592172116, 1.0]
[-0.1303491136124197, 0.1519019922893087, 1.0]
[array([-0.12570774]), array([0.17356596]), 1.0]






----- 29-10-2020 16:08:10 -----

[0.14702500574785657, 0.23219587611540266, 1.0]
[0.12966169389530718, 0.21475587867632154, 1.0]
[0.11670940177841149, 0.19869849412411417, 1.0]
[0.10258535840658059, 0.1874378072354556, 1.0]
[0.1094739877932526, 0.1661955345802318, 1.0]
[0.1348174991681017, 0.1512897555361865, 1.0]
[array([0.14778188]), array([0.14378057]), 1.0]




[0.05498991008348087, 0.1829913871997256, 1.0]
[0.10029516080944266, 0.21953892893538654, 1.0]
[0.12217830563836082, 0.2409760464812499, 1.0]
[0.0929620602052444, 0.22475572725052956, 1.0]
[array([0.08583885]), array([0.20749231]), 1.0]




[0.05498991008348087, 0.1829913871997256, 1.0]
[0.10029516080944266, 0.21953892893538654, 1.0]
[0.12217830563836082, 0.2409760464812499, 1.0]
[0.0929620602052444, 0.22475572725052956, 1.0]
[array([0.08583885]), array([0.20749231]), 1.0]




